4D000310 00000000 0D000000
4D000310 01000000 01000000
4D000310 02000000 0F000000
4D000310 03000000 02000000

4D110010 8F000000 01000000
4D000010 80000000 04000000
4D010010 81000000 00000000
4D020010 82000000 00000000
4D031020 83000000 81000000
4D042020 84000000 82000000
43040300
47000000 0B000000
4D0F1020 8F000000 81000000
4D012220 81000000 82000000
4D02F200 82000000 8F000000
41021102
43020000
45000000 04000000
4A000000 EAFFFFFF
41011101
43010000
45000000 04000000
4A000000 E1FFFFFF

4A000000 00000000
4A000000 FEFFFFFF